# Camera list with one line of data per camera:
#   CAMERA_ID, MODEL, WIDTH, HEIGHT, PARAMS[]
832 PINHOLE 512 384 256.000000200 256.000000200 256.000000000 192.000000000
833 PINHOLE 512 384 256.000000200 256.000000200 256.000000000 192.000000000
834 PINHOLE 512 384 256.000000200 256.000000200 256.000000000 192.000000000
835 PINHOLE 512 384 256.000000200 256.000000200 256.000000000 192.000000000
836 PINHOLE 512 384 256.000000200 256.000000200 256.000000000 192.000000000
837 PINHOLE 512 384 256.000000200 256.000000200 256.000000000 192.000000000
83200 PINHOLE 512 384 153.600000 153.600000 256.000000 192.000000
83300 PINHOLE 512 384 153.600000 153.600000 256.000000 192.000000
83400 PINHOLE 512 384 153.600000 153.600000 256.000000 192.000000
83500 PINHOLE 512 384 153.600000 153.600000 256.000000 192.000000
83600 PINHOLE 512 384 153.600000 153.600000 256.000000 192.000000
83700 PINHOLE 512 384 153.600000 153.600000 256.000000 192.000000
