# Camera list with one line of data per camera:
#   CAMERA_ID, MODEL, WIDTH, HEIGHT, PARAMS[]
832 PINHOLE 512 384 256.000000200 256.000000200 256.000000000 192.000000000
833 PINHOLE 512 384 256.000000200 256.000000200 256.000000000 192.000000000
834 PINHOLE 512 384 256.000000200 256.000000200 256.000000000 192.000000000
835 PINHOLE 512 384 256.000000200 256.000000200 256.000000000 192.000000000
836 PINHOLE 512 384 256.000000200 256.000000200 256.000000000 192.000000000
837 PINHOLE 512 384 256.000000200 256.000000200 256.000000000 192.000000000
838 PINHOLE 512 384 256.000000200 256.000000200 256.000000000 192.000000000
839 PINHOLE 512 384 256.000000200 256.000000200 256.000000000 192.000000000
840 PINHOLE 512 384 256.000000200 256.000000200 256.000000000 192.000000000
841 PINHOLE 512 384 256.000000200 256.000000200 256.000000000 192.000000000
842 PINHOLE 512 384 256.000000200 256.000000200 256.000000000 192.000000000
843 PINHOLE 512 384 256.000000200 256.000000200 256.000000000 192.000000000
844 PINHOLE 512 384 256.000000200 256.000000200 256.000000000 192.000000000
845 PINHOLE 512 384 256.000000200 256.000000200 256.000000000 192.000000000
846 PINHOLE 512 384 256.000000200 256.000000200 256.000000000 192.000000000
847 PINHOLE 512 384 256.000000200 256.000000200 256.000000000 192.000000000
848 PINHOLE 512 384 256.000000200 256.000000200 256.000000000 192.000000000
849 PINHOLE 512 384 256.000000200 256.000000200 256.000000000 192.000000000
850 PINHOLE 512 384 256.000000200 256.000000200 256.000000000 192.000000000
851 PINHOLE 512 384 256.000000200 256.000000200 256.000000000 192.000000000
852 PINHOLE 512 384 256.000000200 256.000000200 256.000000000 192.000000000
853 PINHOLE 512 384 256.000000200 256.000000200 256.000000000 192.000000000
854 PINHOLE 512 384 256.000000200 256.000000200 256.000000000 192.000000000
855 PINHOLE 512 384 256.000000200 256.000000200 256.000000000 192.000000000
856 PINHOLE 512 384 256.000000200 256.000000200 256.000000000 192.000000000
857 PINHOLE 512 384 256.000000200 256.000000200 256.000000000 192.000000000
858 PINHOLE 512 384 256.000000200 256.000000200 256.000000000 192.000000000
859 PINHOLE 512 384 256.000000200 256.000000200 256.000000000 192.000000000
860 PINHOLE 512 384 256.000000200 256.000000200 256.000000000 192.000000000
861 PINHOLE 512 384 256.000000200 256.000000200 256.000000000 192.000000000
862 PINHOLE 512 384 256.000000200 256.000000200 256.000000000 192.000000000
863 PINHOLE 512 384 256.000000200 256.000000200 256.000000000 192.000000000
864 PINHOLE 512 384 256.000000200 256.000000200 256.000000000 192.000000000
865 PINHOLE 512 384 256.000000200 256.000000200 256.000000000 192.000000000
866 PINHOLE 512 384 256.000000200 256.000000200 256.000000000 192.000000000
867 PINHOLE 512 384 256.000000200 256.000000200 256.000000000 192.000000000
868 PINHOLE 512 384 256.000000200 256.000000200 256.000000000 192.000000000
869 PINHOLE 512 384 256.000000200 256.000000200 256.000000000 192.000000000
870 PINHOLE 512 384 256.000000200 256.000000200 256.000000000 192.000000000
871 PINHOLE 512 384 256.000000200 256.000000200 256.000000000 192.000000000
872 PINHOLE 512 384 256.000000200 256.000000200 256.000000000 192.000000000
873 PINHOLE 512 384 256.000000200 256.000000200 256.000000000 192.000000000
874 PINHOLE 512 384 256.000000200 256.000000200 256.000000000 192.000000000
875 PINHOLE 512 384 256.000000200 256.000000200 256.000000000 192.000000000
876 PINHOLE 512 384 256.000000200 256.000000200 256.000000000 192.000000000
877 PINHOLE 512 384 256.000000200 256.000000200 256.000000000 192.000000000
878 PINHOLE 512 384 256.000000200 256.000000200 256.000000000 192.000000000
879 PINHOLE 512 384 256.000000200 256.000000200 256.000000000 192.000000000
880 PINHOLE 512 384 256.000000200 256.000000200 256.000000000 192.000000000
881 PINHOLE 512 384 256.000000200 256.000000200 256.000000000 192.000000000
882 PINHOLE 512 384 256.000000200 256.000000200 256.000000000 192.000000000
883 PINHOLE 512 384 256.000000200 256.000000200 256.000000000 192.000000000
884 PINHOLE 512 384 256.000000200 256.000000200 256.000000000 192.000000000
885 PINHOLE 512 384 256.000000200 256.000000200 256.000000000 192.000000000
886 PINHOLE 512 384 256.000000200 256.000000200 256.000000000 192.000000000
887 PINHOLE 512 384 256.000000200 256.000000200 256.000000000 192.000000000
888 PINHOLE 512 384 256.000000200 256.000000200 256.000000000 192.000000000
889 PINHOLE 512 384 256.000000200 256.000000200 256.000000000 192.000000000
890 PINHOLE 512 384 256.000000200 256.000000200 256.000000000 192.000000000
891 PINHOLE 512 384 256.000000200 256.000000200 256.000000000 192.000000000
892 PINHOLE 512 384 256.000000200 256.000000200 256.000000000 192.000000000
893 PINHOLE 512 384 256.000000200 256.000000200 256.000000000 192.000000000
894 PINHOLE 512 384 256.000000200 256.000000200 256.000000000 192.000000000
895 PINHOLE 512 384 256.000000200 256.000000200 256.000000000 192.000000000
896 PINHOLE 512 384 256.000000200 256.000000200 256.000000000 192.000000000
897 PINHOLE 512 384 256.000000200 256.000000200 256.000000000 192.000000000
898 PINHOLE 512 384 256.000000200 256.000000200 256.000000000 192.000000000
899 PINHOLE 512 384 256.000000200 256.000000200 256.000000000 192.000000000
900 PINHOLE 512 384 256.000000200 256.000000200 256.000000000 192.000000000
901 PINHOLE 512 384 256.000000200 256.000000200 256.000000000 192.000000000
902 PINHOLE 512 384 256.000000200 256.000000200 256.000000000 192.000000000
903 PINHOLE 512 384 256.000000200 256.000000200 256.000000000 192.000000000
904 PINHOLE 512 384 256.000000200 256.000000200 256.000000000 192.000000000
905 PINHOLE 512 384 256.000000200 256.000000200 256.000000000 192.000000000
906 PINHOLE 512 384 256.000000200 256.000000200 256.000000000 192.000000000
907 PINHOLE 512 384 256.000000200 256.000000200 256.000000000 192.000000000
908 PINHOLE 512 384 256.000000200 256.000000200 256.000000000 192.000000000
909 PINHOLE 512 384 256.000000200 256.000000200 256.000000000 192.000000000
910 PINHOLE 512 384 256.000000200 256.000000200 256.000000000 192.000000000
911 PINHOLE 512 384 256.000000200 256.000000200 256.000000000 192.000000000
912 PINHOLE 512 384 256.000000200 256.000000200 256.000000000 192.000000000
913 PINHOLE 512 384 256.000000200 256.000000200 256.000000000 192.000000000
914 PINHOLE 512 384 256.000000200 256.000000200 256.000000000 192.000000000
915 PINHOLE 512 384 256.000000200 256.000000200 256.000000000 192.000000000
916 PINHOLE 512 384 256.000000200 256.000000200 256.000000000 192.000000000
917 PINHOLE 512 384 256.000000200 256.000000200 256.000000000 192.000000000
918 PINHOLE 512 384 256.000000200 256.000000200 256.000000000 192.000000000
919 PINHOLE 512 384 256.000000200 256.000000200 256.000000000 192.000000000
920 PINHOLE 512 384 256.000000200 256.000000200 256.000000000 192.000000000
921 PINHOLE 512 384 256.000000200 256.000000200 256.000000000 192.000000000
922 PINHOLE 512 384 256.000000200 256.000000200 256.000000000 192.000000000
923 PINHOLE 512 384 256.000000200 256.000000200 256.000000000 192.000000000
924 PINHOLE 512 384 256.000000200 256.000000200 256.000000000 192.000000000
925 PINHOLE 512 384 256.000000200 256.000000200 256.000000000 192.000000000
926 PINHOLE 512 384 256.000000200 256.000000200 256.000000000 192.000000000
927 PINHOLE 512 384 256.000000200 256.000000200 256.000000000 192.000000000
928 PINHOLE 512 384 256.000000200 256.000000200 256.000000000 192.000000000
929 PINHOLE 512 384 256.000000200 256.000000200 256.000000000 192.000000000
930 PINHOLE 512 384 256.000000200 256.000000200 256.000000000 192.000000000
931 PINHOLE 512 384 256.000000200 256.000000200 256.000000000 192.000000000
932 PINHOLE 512 384 256.000000200 256.000000200 256.000000000 192.000000000
933 PINHOLE 512 384 256.000000200 256.000000200 256.000000000 192.000000000
934 PINHOLE 512 384 256.000000200 256.000000200 256.000000000 192.000000000
935 PINHOLE 512 384 256.000000200 256.000000200 256.000000000 192.000000000
936 PINHOLE 512 384 256.000000200 256.000000200 256.000000000 192.000000000
937 PINHOLE 512 384 256.000000200 256.000000200 256.000000000 192.000000000
938 PINHOLE 512 384 256.000000200 256.000000200 256.000000000 192.000000000
939 PINHOLE 512 384 256.000000200 256.000000200 256.000000000 192.000000000
940 PINHOLE 512 384 256.000000200 256.000000200 256.000000000 192.000000000
941 PINHOLE 512 384 256.000000200 256.000000200 256.000000000 192.000000000
942 PINHOLE 512 384 256.000000200 256.000000200 256.000000000 192.000000000
943 PINHOLE 512 384 256.000000200 256.000000200 256.000000000 192.000000000
944 PINHOLE 512 384 256.000000200 256.000000200 256.000000000 192.000000000
945 PINHOLE 512 384 256.000000200 256.000000200 256.000000000 192.000000000
946 PINHOLE 512 384 256.000000200 256.000000200 256.000000000 192.000000000
947 PINHOLE 512 384 256.000000200 256.000000200 256.000000000 192.000000000
948 PINHOLE 512 384 256.000000200 256.000000200 256.000000000 192.000000000
949 PINHOLE 512 384 256.000000200 256.000000200 256.000000000 192.000000000
950 PINHOLE 512 384 256.000000200 256.000000200 256.000000000 192.000000000
951 PINHOLE 512 384 256.000000200 256.000000200 256.000000000 192.000000000
952 PINHOLE 512 384 256.000000200 256.000000200 256.000000000 192.000000000
953 PINHOLE 512 384 256.000000200 256.000000200 256.000000000 192.000000000
954 PINHOLE 512 384 256.000000200 256.000000200 256.000000000 192.000000000
955 PINHOLE 512 384 256.000000200 256.000000200 256.000000000 192.000000000
956 PINHOLE 512 384 256.000000200 256.000000200 256.000000000 192.000000000
957 PINHOLE 512 384 256.000000200 256.000000200 256.000000000 192.000000000
958 PINHOLE 512 384 256.000000200 256.000000200 256.000000000 192.000000000
959 PINHOLE 512 384 256.000000200 256.000000200 256.000000000 192.000000000
960 PINHOLE 512 384 256.000000200 256.000000200 256.000000000 192.000000000
961 PINHOLE 512 384 256.000000200 256.000000200 256.000000000 192.000000000
962 PINHOLE 512 384 256.000000200 256.000000200 256.000000000 192.000000000
963 PINHOLE 512 384 256.000000200 256.000000200 256.000000000 192.000000000
964 PINHOLE 512 384 256.000000200 256.000000200 256.000000000 192.000000000
965 PINHOLE 512 384 256.000000200 256.000000200 256.000000000 192.000000000
966 PINHOLE 512 384 256.000000200 256.000000200 256.000000000 192.000000000
967 PINHOLE 512 384 256.000000200 256.000000200 256.000000000 192.000000000
968 PINHOLE 512 384 256.000000200 256.000000200 256.000000000 192.000000000
969 PINHOLE 512 384 256.000000200 256.000000200 256.000000000 192.000000000
970 PINHOLE 512 384 256.000000200 256.000000200 256.000000000 192.000000000
971 PINHOLE 512 384 256.000000200 256.000000200 256.000000000 192.000000000
972 PINHOLE 512 384 256.000000200 256.000000200 256.000000000 192.000000000
973 PINHOLE 512 384 256.000000200 256.000000200 256.000000000 192.000000000
974 PINHOLE 512 384 256.000000200 256.000000200 256.000000000 192.000000000
975 PINHOLE 512 384 256.000000200 256.000000200 256.000000000 192.000000000
976 PINHOLE 512 384 256.000000200 256.000000200 256.000000000 192.000000000
977 PINHOLE 512 384 256.000000200 256.000000200 256.000000000 192.000000000
978 PINHOLE 512 384 256.000000200 256.000000200 256.000000000 192.000000000
979 PINHOLE 512 384 256.000000200 256.000000200 256.000000000 192.000000000
980 PINHOLE 512 384 256.000000200 256.000000200 256.000000000 192.000000000
981 PINHOLE 512 384 256.000000200 256.000000200 256.000000000 192.000000000
982 PINHOLE 512 384 256.000000200 256.000000200 256.000000000 192.000000000
983 PINHOLE 512 384 256.000000200 256.000000200 256.000000000 192.000000000
984 PINHOLE 512 384 256.000000200 256.000000200 256.000000000 192.000000000
985 PINHOLE 512 384 256.000000200 256.000000200 256.000000000 192.000000000
986 PINHOLE 512 384 256.000000200 256.000000200 256.000000000 192.000000000
987 PINHOLE 512 384 256.000000200 256.000000200 256.000000000 192.000000000
988 PINHOLE 512 384 256.000000200 256.000000200 256.000000000 192.000000000
989 PINHOLE 512 384 256.000000200 256.000000200 256.000000000 192.000000000
990 PINHOLE 512 384 256.000000200 256.000000200 256.000000000 192.000000000
991 PINHOLE 512 384 256.000000200 256.000000200 256.000000000 192.000000000
992 PINHOLE 512 384 256.000000200 256.000000200 256.000000000 192.000000000
993 PINHOLE 512 384 256.000000200 256.000000200 256.000000000 192.000000000
994 PINHOLE 512 384 256.000000200 256.000000200 256.000000000 192.000000000
995 PINHOLE 512 384 256.000000200 256.000000200 256.000000000 192.000000000
996 PINHOLE 512 384 256.000000200 256.000000200 256.000000000 192.000000000
997 PINHOLE 512 384 256.000000200 256.000000200 256.000000000 192.000000000
998 PINHOLE 512 384 256.000000200 256.000000200 256.000000000 192.000000000
999 PINHOLE 512 384 256.000000200 256.000000200 256.000000000 192.000000000
1000 PINHOLE 512 384 256.000000200 256.000000200 256.000000000 192.000000000
1001 PINHOLE 512 384 256.000000200 256.000000200 256.000000000 192.000000000
1002 PINHOLE 512 384 256.000000200 256.000000200 256.000000000 192.000000000
1003 PINHOLE 512 384 256.000000200 256.000000200 256.000000000 192.000000000
1004 PINHOLE 512 384 256.000000200 256.000000200 256.000000000 192.000000000
1005 PINHOLE 512 384 256.000000200 256.000000200 256.000000000 192.000000000
1006 PINHOLE 512 384 256.000000200 256.000000200 256.000000000 192.000000000
1007 PINHOLE 512 384 256.000000200 256.000000200 256.000000000 192.000000000
1008 PINHOLE 512 384 256.000000200 256.000000200 256.000000000 192.000000000
1009 PINHOLE 512 384 256.000000200 256.000000200 256.000000000 192.000000000
1010 PINHOLE 512 384 256.000000200 256.000000200 256.000000000 192.000000000
1011 PINHOLE 512 384 256.000000200 256.000000200 256.000000000 192.000000000
1012 PINHOLE 512 384 256.000000200 256.000000200 256.000000000 192.000000000
1013 PINHOLE 512 384 256.000000200 256.000000200 256.000000000 192.000000000
1014 PINHOLE 512 384 256.000000200 256.000000200 256.000000000 192.000000000
1015 PINHOLE 512 384 256.000000200 256.000000200 256.000000000 192.000000000
1016 PINHOLE 512 384 256.000000200 256.000000200 256.000000000 192.000000000
1017 PINHOLE 512 384 256.000000200 256.000000200 256.000000000 192.000000000
1018 PINHOLE 512 384 256.000000200 256.000000200 256.000000000 192.000000000
1019 PINHOLE 512 384 256.000000200 256.000000200 256.000000000 192.000000000
1020 PINHOLE 512 384 256.000000200 256.000000200 256.000000000 192.000000000
1021 PINHOLE 512 384 256.000000200 256.000000200 256.000000000 192.000000000
1022 PINHOLE 512 384 256.000000200 256.000000200 256.000000000 192.000000000
1023 PINHOLE 512 384 256.000000200 256.000000200 256.000000000 192.000000000
1024 PINHOLE 512 384 256.000000200 256.000000200 256.000000000 192.000000000
1025 PINHOLE 512 384 256.000000200 256.000000200 256.000000000 192.000000000
1026 PINHOLE 512 384 256.000000200 256.000000200 256.000000000 192.000000000
1027 PINHOLE 512 384 256.000000200 256.000000200 256.000000000 192.000000000
1028 PINHOLE 512 384 256.000000200 256.000000200 256.000000000 192.000000000
1029 PINHOLE 512 384 256.000000200 256.000000200 256.000000000 192.000000000
1030 PINHOLE 512 384 256.000000200 256.000000200 256.000000000 192.000000000
1031 PINHOLE 512 384 256.000000200 256.000000200 256.000000000 192.000000000
1032 PINHOLE 512 384 256.000000200 256.000000200 256.000000000 192.000000000
1033 PINHOLE 512 384 256.000000200 256.000000200 256.000000000 192.000000000
1034 PINHOLE 512 384 256.000000200 256.000000200 256.000000000 192.000000000
1035 PINHOLE 512 384 256.000000200 256.000000200 256.000000000 192.000000000
1036 PINHOLE 512 384 256.000000200 256.000000200 256.000000000 192.000000000
1037 PINHOLE 512 384 256.000000200 256.000000200 256.000000000 192.000000000
1038 PINHOLE 512 384 256.000000200 256.000000200 256.000000000 192.000000000
1039 PINHOLE 512 384 256.000000200 256.000000200 256.000000000 192.000000000
1040 PINHOLE 512 384 256.000000200 256.000000200 256.000000000 192.000000000
1041 PINHOLE 512 384 256.000000200 256.000000200 256.000000000 192.000000000
1042 PINHOLE 512 384 256.000000200 256.000000200 256.000000000 192.000000000
1043 PINHOLE 512 384 256.000000200 256.000000200 256.000000000 192.000000000
1044 PINHOLE 512 384 256.000000200 256.000000200 256.000000000 192.000000000
1045 PINHOLE 512 384 256.000000200 256.000000200 256.000000000 192.000000000
1046 PINHOLE 512 384 256.000000200 256.000000200 256.000000000 192.000000000
1047 PINHOLE 512 384 256.000000200 256.000000200 256.000000000 192.000000000
1048 PINHOLE 512 384 256.000000200 256.000000200 256.000000000 192.000000000
1049 PINHOLE 512 384 256.000000200 256.000000200 256.000000000 192.000000000
1050 PINHOLE 512 384 256.000000200 256.000000200 256.000000000 192.000000000
1051 PINHOLE 512 384 256.000000200 256.000000200 256.000000000 192.000000000
1052 PINHOLE 512 384 256.000000200 256.000000200 256.000000000 192.000000000
1053 PINHOLE 512 384 256.000000200 256.000000200 256.000000000 192.000000000
1054 PINHOLE 512 384 256.000000200 256.000000200 256.000000000 192.000000000
1055 PINHOLE 512 384 256.000000200 256.000000200 256.000000000 192.000000000
1056 PINHOLE 512 384 256.000000200 256.000000200 256.000000000 192.000000000
1057 PINHOLE 512 384 256.000000200 256.000000200 256.000000000 192.000000000
1058 PINHOLE 512 384 256.000000200 256.000000200 256.000000000 192.000000000
1059 PINHOLE 512 384 256.000000200 256.000000200 256.000000000 192.000000000
1060 PINHOLE 512 384 256.000000200 256.000000200 256.000000000 192.000000000
1061 PINHOLE 512 384 256.000000200 256.000000200 256.000000000 192.000000000
1062 PINHOLE 512 384 256.000000200 256.000000200 256.000000000 192.000000000
1063 PINHOLE 512 384 256.000000200 256.000000200 256.000000000 192.000000000
1064 PINHOLE 512 384 256.000000200 256.000000200 256.000000000 192.000000000
1065 PINHOLE 512 384 256.000000200 256.000000200 256.000000000 192.000000000
1066 PINHOLE 512 384 256.000000200 256.000000200 256.000000000 192.000000000
1067 PINHOLE 512 384 256.000000200 256.000000200 256.000000000 192.000000000
1068 PINHOLE 512 384 256.000000200 256.000000200 256.000000000 192.000000000
1069 PINHOLE 512 384 256.000000200 256.000000200 256.000000000 192.000000000
1070 PINHOLE 512 384 256.000000200 256.000000200 256.000000000 192.000000000
1071 PINHOLE 512 384 256.000000200 256.000000200 256.000000000 192.000000000
1072 PINHOLE 512 384 256.000000200 256.000000200 256.000000000 192.000000000
1073 PINHOLE 512 384 256.000000200 256.000000200 256.000000000 192.000000000
1074 PINHOLE 512 384 256.000000200 256.000000200 256.000000000 192.000000000
1075 PINHOLE 512 384 256.000000200 256.000000200 256.000000000 192.000000000
1076 PINHOLE 512 384 256.000000200 256.000000200 256.000000000 192.000000000
1077 PINHOLE 512 384 256.000000200 256.000000200 256.000000000 192.000000000
1078 PINHOLE 512 384 256.000000200 256.000000200 256.000000000 192.000000000
1079 PINHOLE 512 384 256.000000200 256.000000200 256.000000000 192.000000000
1080 PINHOLE 512 384 256.000000200 256.000000200 256.000000000 192.000000000
1081 PINHOLE 512 384 256.000000200 256.000000200 256.000000000 192.000000000
1082 PINHOLE 512 384 256.000000200 256.000000200 256.000000000 192.000000000
1083 PINHOLE 512 384 256.000000200 256.000000200 256.000000000 192.000000000
1084 PINHOLE 512 384 256.000000200 256.000000200 256.000000000 192.000000000
1085 PINHOLE 512 384 256.000000200 256.000000200 256.000000000 192.000000000
1086 PINHOLE 512 384 256.000000200 256.000000200 256.000000000 192.000000000
1087 PINHOLE 512 384 256.000000200 256.000000200 256.000000000 192.000000000
1088 PINHOLE 512 384 256.000000200 256.000000200 256.000000000 192.000000000
1089 PINHOLE 512 384 256.000000200 256.000000200 256.000000000 192.000000000
1090 PINHOLE 512 384 256.000000200 256.000000200 256.000000000 192.000000000
1091 PINHOLE 512 384 256.000000200 256.000000200 256.000000000 192.000000000
1092 PINHOLE 512 384 256.000000200 256.000000200 256.000000000 192.000000000
1093 PINHOLE 512 384 256.000000200 256.000000200 256.000000000 192.000000000
1094 PINHOLE 512 384 256.000000200 256.000000200 256.000000000 192.000000000
1095 PINHOLE 512 384 256.000000200 256.000000200 256.000000000 192.000000000
1096 PINHOLE 512 384 256.000000200 256.000000200 256.000000000 192.000000000
1097 PINHOLE 512 384 256.000000200 256.000000200 256.000000000 192.000000000
1098 PINHOLE 512 384 256.000000200 256.000000200 256.000000000 192.000000000
1099 PINHOLE 512 384 256.000000200 256.000000200 256.000000000 192.000000000
1100 PINHOLE 512 384 256.000000200 256.000000200 256.000000000 192.000000000
1101 PINHOLE 512 384 256.000000200 256.000000200 256.000000000 192.000000000
1102 PINHOLE 512 384 256.000000200 256.000000200 256.000000000 192.000000000
1103 PINHOLE 512 384 256.000000200 256.000000200 256.000000000 192.000000000
1104 PINHOLE 512 384 256.000000200 256.000000200 256.000000000 192.000000000
1105 PINHOLE 512 384 256.000000200 256.000000200 256.000000000 192.000000000
1106 PINHOLE 512 384 256.000000200 256.000000200 256.000000000 192.000000000
1107 PINHOLE 512 384 256.000000200 256.000000200 256.000000000 192.000000000
1108 PINHOLE 512 384 256.000000200 256.000000200 256.000000000 192.000000000
1109 PINHOLE 512 384 256.000000200 256.000000200 256.000000000 192.000000000
1110 PINHOLE 512 384 256.000000200 256.000000200 256.000000000 192.000000000
1111 PINHOLE 512 384 256.000000200 256.000000200 256.000000000 192.000000000
1112 PINHOLE 512 384 256.000000200 256.000000200 256.000000000 192.000000000
1113 PINHOLE 512 384 256.000000200 256.000000200 256.000000000 192.000000000
1114 PINHOLE 512 384 256.000000200 256.000000200 256.000000000 192.000000000
1115 PINHOLE 512 384 256.000000200 256.000000200 256.000000000 192.000000000
1116 PINHOLE 512 384 256.000000200 256.000000200 256.000000000 192.000000000
1117 PINHOLE 512 384 256.000000200 256.000000200 256.000000000 192.000000000
1118 PINHOLE 512 384 256.000000200 256.000000200 256.000000000 192.000000000
1119 PINHOLE 512 384 256.000000200 256.000000200 256.000000000 192.000000000
1120 PINHOLE 512 384 256.000000200 256.000000200 256.000000000 192.000000000
1121 PINHOLE 512 384 256.000000200 256.000000200 256.000000000 192.000000000
1122 PINHOLE 512 384 256.000000200 256.000000200 256.000000000 192.000000000
1123 PINHOLE 512 384 256.000000200 256.000000200 256.000000000 192.000000000
1124 PINHOLE 512 384 256.000000200 256.000000200 256.000000000 192.000000000
1125 PINHOLE 512 384 256.000000200 256.000000200 256.000000000 192.000000000
1126 PINHOLE 512 384 256.000000200 256.000000200 256.000000000 192.000000000
1127 PINHOLE 512 384 256.000000200 256.000000200 256.000000000 192.000000000
1128 PINHOLE 512 384 256.000000200 256.000000200 256.000000000 192.000000000
1129 PINHOLE 512 384 256.000000200 256.000000200 256.000000000 192.000000000
1130 PINHOLE 512 384 256.000000200 256.000000200 256.000000000 192.000000000
1131 PINHOLE 512 384 256.000000200 256.000000200 256.000000000 192.000000000
1132 PINHOLE 512 384 256.000000200 256.000000200 256.000000000 192.000000000
1133 PINHOLE 512 384 256.000000200 256.000000200 256.000000000 192.000000000
1134 PINHOLE 512 384 256.000000200 256.000000200 256.000000000 192.000000000
1135 PINHOLE 512 384 256.000000200 256.000000200 256.000000000 192.000000000
1136 PINHOLE 512 384 256.000000200 256.000000200 256.000000000 192.000000000
1137 PINHOLE 512 384 256.000000200 256.000000200 256.000000000 192.000000000
1138 PINHOLE 512 384 256.000000200 256.000000200 256.000000000 192.000000000
1139 PINHOLE 512 384 256.000000200 256.000000200 256.000000000 192.000000000
1140 PINHOLE 512 384 256.000000200 256.000000200 256.000000000 192.000000000
1141 PINHOLE 512 384 256.000000200 256.000000200 256.000000000 192.000000000
1142 PINHOLE 512 384 256.000000200 256.000000200 256.000000000 192.000000000
1143 PINHOLE 512 384 256.000000200 256.000000200 256.000000000 192.000000000
1144 PINHOLE 512 384 256.000000200 256.000000200 256.000000000 192.000000000
1145 PINHOLE 512 384 256.000000200 256.000000200 256.000000000 192.000000000
1146 PINHOLE 512 384 256.000000200 256.000000200 256.000000000 192.000000000
1147 PINHOLE 512 384 256.000000200 256.000000200 256.000000000 192.000000000
1148 PINHOLE 512 384 256.000000200 256.000000200 256.000000000 192.000000000
1149 PINHOLE 512 384 256.000000200 256.000000200 256.000000000 192.000000000
1150 PINHOLE 512 384 256.000000200 256.000000200 256.000000000 192.000000000
1151 PINHOLE 512 384 256.000000200 256.000000200 256.000000000 192.000000000
1152 PINHOLE 512 384 256.000000200 256.000000200 256.000000000 192.000000000
1153 PINHOLE 512 384 256.000000200 256.000000200 256.000000000 192.000000000
1154 PINHOLE 512 384 256.000000200 256.000000200 256.000000000 192.000000000
1155 PINHOLE 512 384 256.000000200 256.000000200 256.000000000 192.000000000
1156 PINHOLE 512 384 256.000000200 256.000000200 256.000000000 192.000000000
1157 PINHOLE 512 384 256.000000200 256.000000200 256.000000000 192.000000000
1158 PINHOLE 512 384 256.000000200 256.000000200 256.000000000 192.000000000
1159 PINHOLE 512 384 256.000000200 256.000000200 256.000000000 192.000000000
1160 PINHOLE 512 384 256.000000200 256.000000200 256.000000000 192.000000000
1161 PINHOLE 512 384 256.000000200 256.000000200 256.000000000 192.000000000
1162 PINHOLE 512 384 256.000000200 256.000000200 256.000000000 192.000000000
1163 PINHOLE 512 384 256.000000200 256.000000200 256.000000000 192.000000000
1164 PINHOLE 512 384 256.000000200 256.000000200 256.000000000 192.000000000
1165 PINHOLE 512 384 256.000000200 256.000000200 256.000000000 192.000000000
1166 PINHOLE 512 384 256.000000200 256.000000200 256.000000000 192.000000000
1167 PINHOLE 512 384 256.000000200 256.000000200 256.000000000 192.000000000
1168 PINHOLE 512 384 256.000000200 256.000000200 256.000000000 192.000000000
1169 PINHOLE 512 384 256.000000200 256.000000200 256.000000000 192.000000000
1170 PINHOLE 512 384 256.000000200 256.000000200 256.000000000 192.000000000
1171 PINHOLE 512 384 256.000000200 256.000000200 256.000000000 192.000000000
1172 PINHOLE 512 384 256.000000200 256.000000200 256.000000000 192.000000000
1173 PINHOLE 512 384 256.000000200 256.000000200 256.000000000 192.000000000
1174 PINHOLE 512 384 256.000000200 256.000000200 256.000000000 192.000000000
1175 PINHOLE 512 384 256.000000200 256.000000200 256.000000000 192.000000000
1176 PINHOLE 512 384 256.000000200 256.000000200 256.000000000 192.000000000
1177 PINHOLE 512 384 256.000000200 256.000000200 256.000000000 192.000000000
1178 PINHOLE 512 384 256.000000200 256.000000200 256.000000000 192.000000000
1179 PINHOLE 512 384 256.000000200 256.000000200 256.000000000 192.000000000
1180 PINHOLE 512 384 256.000000200 256.000000200 256.000000000 192.000000000
1181 PINHOLE 512 384 256.000000200 256.000000200 256.000000000 192.000000000
1182 PINHOLE 512 384 256.000000200 256.000000200 256.000000000 192.000000000
1183 PINHOLE 512 384 256.000000200 256.000000200 256.000000000 192.000000000
1184 PINHOLE 512 384 256.000000200 256.000000200 256.000000000 192.000000000
1185 PINHOLE 512 384 256.000000200 256.000000200 256.000000000 192.000000000
1186 PINHOLE 512 384 256.000000200 256.000000200 256.000000000 192.000000000
1187 PINHOLE 512 384 256.000000200 256.000000200 256.000000000 192.000000000
1188 PINHOLE 512 384 256.000000200 256.000000200 256.000000000 192.000000000
1189 PINHOLE 512 384 256.000000200 256.000000200 256.000000000 192.000000000
1190 PINHOLE 512 384 256.000000200 256.000000200 256.000000000 192.000000000
1191 PINHOLE 512 384 256.000000200 256.000000200 256.000000000 192.000000000
1192 PINHOLE 512 384 256.000000200 256.000000200 256.000000000 192.000000000
1193 PINHOLE 512 384 256.000000200 256.000000200 256.000000000 192.000000000
1194 PINHOLE 512 384 256.000000200 256.000000200 256.000000000 192.000000000
1195 PINHOLE 512 384 256.000000200 256.000000200 256.000000000 192.000000000
1196 PINHOLE 512 384 256.000000200 256.000000200 256.000000000 192.000000000
1197 PINHOLE 512 384 256.000000200 256.000000200 256.000000000 192.000000000
1198 PINHOLE 512 384 256.000000200 256.000000200 256.000000000 192.000000000
1199 PINHOLE 512 384 256.000000200 256.000000200 256.000000000 192.000000000
1200 PINHOLE 512 384 256.000000200 256.000000200 256.000000000 192.000000000
1201 PINHOLE 512 384 256.000000200 256.000000200 256.000000000 192.000000000
1202 PINHOLE 512 384 256.000000200 256.000000200 256.000000000 192.000000000
1203 PINHOLE 512 384 256.000000200 256.000000200 256.000000000 192.000000000
1204 PINHOLE 512 384 256.000000200 256.000000200 256.000000000 192.000000000
1205 PINHOLE 512 384 256.000000200 256.000000200 256.000000000 192.000000000
1206 PINHOLE 512 384 256.000000200 256.000000200 256.000000000 192.000000000
1207 PINHOLE 512 384 256.000000200 256.000000200 256.000000000 192.000000000
1208 PINHOLE 512 384 256.000000200 256.000000200 256.000000000 192.000000000
1209 PINHOLE 512 384 256.000000200 256.000000200 256.000000000 192.000000000
1210 PINHOLE 512 384 256.000000200 256.000000200 256.000000000 192.000000000
1211 PINHOLE 512 384 256.000000200 256.000000200 256.000000000 192.000000000
1212 PINHOLE 512 384 256.000000200 256.000000200 256.000000000 192.000000000
1213 PINHOLE 512 384 256.000000200 256.000000200 256.000000000 192.000000000
1214 PINHOLE 512 384 256.000000200 256.000000200 256.000000000 192.000000000
1215 PINHOLE 512 384 256.000000200 256.000000200 256.000000000 192.000000000
1216 PINHOLE 512 384 256.000000200 256.000000200 256.000000000 192.000000000
1217 PINHOLE 512 384 256.000000200 256.000000200 256.000000000 192.000000000
1218 PINHOLE 512 384 256.000000200 256.000000200 256.000000000 192.000000000
1219 PINHOLE 512 384 256.000000200 256.000000200 256.000000000 192.000000000
1220 PINHOLE 512 384 256.000000200 256.000000200 256.000000000 192.000000000
1221 PINHOLE 512 384 256.000000200 256.000000200 256.000000000 192.000000000
1222 PINHOLE 512 384 256.000000200 256.000000200 256.000000000 192.000000000
1223 PINHOLE 512 384 256.000000200 256.000000200 256.000000000 192.000000000
1224 PINHOLE 512 384 256.000000200 256.000000200 256.000000000 192.000000000
1225 PINHOLE 512 384 256.000000200 256.000000200 256.000000000 192.000000000
1226 PINHOLE 512 384 256.000000200 256.000000200 256.000000000 192.000000000
1227 PINHOLE 512 384 256.000000200 256.000000200 256.000000000 192.000000000
1228 PINHOLE 512 384 256.000000200 256.000000200 256.000000000 192.000000000
1229 PINHOLE 512 384 256.000000200 256.000000200 256.000000000 192.000000000
1230 PINHOLE 512 384 256.000000200 256.000000200 256.000000000 192.000000000
1231 PINHOLE 512 384 256.000000200 256.000000200 256.000000000 192.000000000
1232 PINHOLE 512 384 256.000000200 256.000000200 256.000000000 192.000000000
1233 PINHOLE 512 384 256.000000200 256.000000200 256.000000000 192.000000000
1234 PINHOLE 512 384 256.000000200 256.000000200 256.000000000 192.000000000
1235 PINHOLE 512 384 256.000000200 256.000000200 256.000000000 192.000000000
1236 PINHOLE 512 384 256.000000200 256.000000200 256.000000000 192.000000000
1237 PINHOLE 512 384 256.000000200 256.000000200 256.000000000 192.000000000
1238 PINHOLE 512 384 256.000000200 256.000000200 256.000000000 192.000000000
1239 PINHOLE 512 384 256.000000200 256.000000200 256.000000000 192.000000000
1240 PINHOLE 512 384 256.000000200 256.000000200 256.000000000 192.000000000
1241 PINHOLE 512 384 256.000000200 256.000000200 256.000000000 192.000000000
1242 PINHOLE 512 384 256.000000200 256.000000200 256.000000000 192.000000000
1243 PINHOLE 512 384 256.000000200 256.000000200 256.000000000 192.000000000
1244 PINHOLE 512 384 256.000000200 256.000000200 256.000000000 192.000000000
1245 PINHOLE 512 384 256.000000200 256.000000200 256.000000000 192.000000000
1246 PINHOLE 512 384 256.000000200 256.000000200 256.000000000 192.000000000
1247 PINHOLE 512 384 256.000000200 256.000000200 256.000000000 192.000000000
1248 PINHOLE 512 384 256.000000200 256.000000200 256.000000000 192.000000000
1249 PINHOLE 512 384 256.000000200 256.000000200 256.000000000 192.000000000
1250 PINHOLE 512 384 256.000000200 256.000000200 256.000000000 192.000000000
1251 PINHOLE 512 384 256.000000200 256.000000200 256.000000000 192.000000000
1252 PINHOLE 512 384 256.000000200 256.000000200 256.000000000 192.000000000
1253 PINHOLE 512 384 256.000000200 256.000000200 256.000000000 192.000000000
1254 PINHOLE 512 384 256.000000200 256.000000200 256.000000000 192.000000000
1255 PINHOLE 512 384 256.000000200 256.000000200 256.000000000 192.000000000
1256 PINHOLE 512 384 256.000000200 256.000000200 256.000000000 192.000000000
1257 PINHOLE 512 384 256.000000200 256.000000200 256.000000000 192.000000000
1258 PINHOLE 512 384 256.000000200 256.000000200 256.000000000 192.000000000
1259 PINHOLE 512 384 256.000000200 256.000000200 256.000000000 192.000000000
1260 PINHOLE 512 384 256.000000200 256.000000200 256.000000000 192.000000000
1261 PINHOLE 512 384 256.000000200 256.000000200 256.000000000 192.000000000
1262 PINHOLE 512 384 256.000000200 256.000000200 256.000000000 192.000000000
1263 PINHOLE 512 384 256.000000200 256.000000200 256.000000000 192.000000000
1264 PINHOLE 512 384 256.000000200 256.000000200 256.000000000 192.000000000
1265 PINHOLE 512 384 256.000000200 256.000000200 256.000000000 192.000000000
1266 PINHOLE 512 384 256.000000200 256.000000200 256.000000000 192.000000000
1267 PINHOLE 512 384 256.000000200 256.000000200 256.000000000 192.000000000
1268 PINHOLE 512 384 256.000000200 256.000000200 256.000000000 192.000000000
1269 PINHOLE 512 384 256.000000200 256.000000200 256.000000000 192.000000000
1270 PINHOLE 512 384 256.000000200 256.000000200 256.000000000 192.000000000
1271 PINHOLE 512 384 256.000000200 256.000000200 256.000000000 192.000000000
1272 PINHOLE 512 384 256.000000200 256.000000200 256.000000000 192.000000000
1273 PINHOLE 512 384 256.000000200 256.000000200 256.000000000 192.000000000
1274 PINHOLE 512 384 256.000000200 256.000000200 256.000000000 192.000000000
1275 PINHOLE 512 384 256.000000200 256.000000200 256.000000000 192.000000000
1276 PINHOLE 512 384 256.000000200 256.000000200 256.000000000 192.000000000
1277 PINHOLE 512 384 256.000000200 256.000000200 256.000000000 192.000000000
1278 PINHOLE 512 384 256.000000200 256.000000200 256.000000000 192.000000000
1279 PINHOLE 512 384 256.000000200 256.000000200 256.000000000 192.000000000
1280 PINHOLE 512 384 256.000000200 256.000000200 256.000000000 192.000000000
1281 PINHOLE 512 384 256.000000200 256.000000200 256.000000000 192.000000000
1282 PINHOLE 512 384 256.000000200 256.000000200 256.000000000 192.000000000
1283 PINHOLE 512 384 256.000000200 256.000000200 256.000000000 192.000000000
1284 PINHOLE 512 384 256.000000200 256.000000200 256.000000000 192.000000000
1285 PINHOLE 512 384 256.000000200 256.000000200 256.000000000 192.000000000
1286 PINHOLE 512 384 256.000000200 256.000000200 256.000000000 192.000000000
1287 PINHOLE 512 384 256.000000200 256.000000200 256.000000000 192.000000000
1288 PINHOLE 512 384 256.000000200 256.000000200 256.000000000 192.000000000
1289 PINHOLE 512 384 256.000000200 256.000000200 256.000000000 192.000000000
1290 PINHOLE 512 384 256.000000200 256.000000200 256.000000000 192.000000000
1291 PINHOLE 512 384 256.000000200 256.000000200 256.000000000 192.000000000
1292 PINHOLE 512 384 256.000000200 256.000000200 256.000000000 192.000000000
1293 PINHOLE 512 384 256.000000200 256.000000200 256.000000000 192.000000000
1294 PINHOLE 512 384 256.000000200 256.000000200 256.000000000 192.000000000
1295 PINHOLE 512 384 256.000000200 256.000000200 256.000000000 192.000000000
1296 PINHOLE 512 384 256.000000200 256.000000200 256.000000000 192.000000000
1297 PINHOLE 512 384 256.000000200 256.000000200 256.000000000 192.000000000
1298 PINHOLE 512 384 256.000000200 256.000000200 256.000000000 192.000000000
1299 PINHOLE 512 384 256.000000200 256.000000200 256.000000000 192.000000000
1300 PINHOLE 512 384 256.000000200 256.000000200 256.000000000 192.000000000
1301 PINHOLE 512 384 256.000000200 256.000000200 256.000000000 192.000000000
1302 PINHOLE 512 384 256.000000200 256.000000200 256.000000000 192.000000000
1303 PINHOLE 512 384 256.000000200 256.000000200 256.000000000 192.000000000
1304 PINHOLE 512 384 256.000000200 256.000000200 256.000000000 192.000000000
1305 PINHOLE 512 384 256.000000200 256.000000200 256.000000000 192.000000000
1306 PINHOLE 512 384 256.000000200 256.000000200 256.000000000 192.000000000
1307 PINHOLE 512 384 256.000000200 256.000000200 256.000000000 192.000000000
1308 PINHOLE 512 384 256.000000200 256.000000200 256.000000000 192.000000000
1309 PINHOLE 512 384 256.000000200 256.000000200 256.000000000 192.000000000
1310 PINHOLE 512 384 256.000000200 256.000000200 256.000000000 192.000000000
1311 PINHOLE 512 384 256.000000200 256.000000200 256.000000000 192.000000000
1312 PINHOLE 512 384 256.000000200 256.000000200 256.000000000 192.000000000
1313 PINHOLE 512 384 256.000000200 256.000000200 256.000000000 192.000000000
1314 PINHOLE 512 384 256.000000200 256.000000200 256.000000000 192.000000000
1315 PINHOLE 512 384 256.000000200 256.000000200 256.000000000 192.000000000
1316 PINHOLE 512 384 256.000000200 256.000000200 256.000000000 192.000000000
1317 PINHOLE 512 384 256.000000200 256.000000200 256.000000000 192.000000000
1318 PINHOLE 512 384 256.000000200 256.000000200 256.000000000 192.000000000
1319 PINHOLE 512 384 256.000000200 256.000000200 256.000000000 192.000000000
1320 PINHOLE 512 384 256.000000200 256.000000200 256.000000000 192.000000000
1321 PINHOLE 512 384 256.000000200 256.000000200 256.000000000 192.000000000
1322 PINHOLE 512 384 256.000000200 256.000000200 256.000000000 192.000000000
1323 PINHOLE 512 384 256.000000200 256.000000200 256.000000000 192.000000000
1324 PINHOLE 512 384 256.000000200 256.000000200 256.000000000 192.000000000
1325 PINHOLE 512 384 256.000000200 256.000000200 256.000000000 192.000000000
1326 PINHOLE 512 384 256.000000200 256.000000200 256.000000000 192.000000000
1327 PINHOLE 512 384 256.000000200 256.000000200 256.000000000 192.000000000
1328 PINHOLE 512 384 256.000000200 256.000000200 256.000000000 192.000000000
1329 PINHOLE 512 384 256.000000200 256.000000200 256.000000000 192.000000000
1330 PINHOLE 512 384 256.000000200 256.000000200 256.000000000 192.000000000
1331 PINHOLE 512 384 256.000000200 256.000000200 256.000000000 192.000000000
1332 PINHOLE 512 384 256.000000200 256.000000200 256.000000000 192.000000000
1333 PINHOLE 512 384 256.000000200 256.000000200 256.000000000 192.000000000
1334 PINHOLE 512 384 256.000000200 256.000000200 256.000000000 192.000000000
1335 PINHOLE 512 384 256.000000200 256.000000200 256.000000000 192.000000000
1336 PINHOLE 512 384 256.000000200 256.000000200 256.000000000 192.000000000
1337 PINHOLE 512 384 256.000000200 256.000000200 256.000000000 192.000000000
1338 PINHOLE 512 384 256.000000200 256.000000200 256.000000000 192.000000000
1339 PINHOLE 512 384 256.000000200 256.000000200 256.000000000 192.000000000
1340 PINHOLE 512 384 256.000000200 256.000000200 256.000000000 192.000000000
1341 PINHOLE 512 384 256.000000200 256.000000200 256.000000000 192.000000000
1342 PINHOLE 512 384 256.000000200 256.000000200 256.000000000 192.000000000
1343 PINHOLE 512 384 256.000000200 256.000000200 256.000000000 192.000000000
1344 PINHOLE 512 384 256.000000200 256.000000200 256.000000000 192.000000000
1345 PINHOLE 512 384 256.000000200 256.000000200 256.000000000 192.000000000
1346 PINHOLE 512 384 256.000000200 256.000000200 256.000000000 192.000000000
1347 PINHOLE 512 384 256.000000200 256.000000200 256.000000000 192.000000000
1348 PINHOLE 512 384 256.000000200 256.000000200 256.000000000 192.000000000
1349 PINHOLE 512 384 256.000000200 256.000000200 256.000000000 192.000000000
1350 PINHOLE 512 384 256.000000200 256.000000200 256.000000000 192.000000000
1351 PINHOLE 512 384 256.000000200 256.000000200 256.000000000 192.000000000
1352 PINHOLE 512 384 256.000000200 256.000000200 256.000000000 192.000000000
1353 PINHOLE 512 384 256.000000200 256.000000200 256.000000000 192.000000000
1354 PINHOLE 512 384 256.000000200 256.000000200 256.000000000 192.000000000
1355 PINHOLE 512 384 256.000000200 256.000000200 256.000000000 192.000000000
1356 PINHOLE 512 384 256.000000200 256.000000200 256.000000000 192.000000000
1357 PINHOLE 512 384 256.000000200 256.000000200 256.000000000 192.000000000
1358 PINHOLE 512 384 256.000000200 256.000000200 256.000000000 192.000000000
1359 PINHOLE 512 384 256.000000200 256.000000200 256.000000000 192.000000000
1360 PINHOLE 512 384 256.000000200 256.000000200 256.000000000 192.000000000
1361 PINHOLE 512 384 256.000000200 256.000000200 256.000000000 192.000000000
1362 PINHOLE 512 384 256.000000200 256.000000200 256.000000000 192.000000000
1363 PINHOLE 512 384 256.000000200 256.000000200 256.000000000 192.000000000
1364 PINHOLE 512 384 256.000000200 256.000000200 256.000000000 192.000000000
1365 PINHOLE 512 384 256.000000200 256.000000200 256.000000000 192.000000000
1366 PINHOLE 512 384 256.000000200 256.000000200 256.000000000 192.000000000
1367 PINHOLE 512 384 256.000000200 256.000000200 256.000000000 192.000000000
1368 PINHOLE 512 384 256.000000200 256.000000200 256.000000000 192.000000000
1369 PINHOLE 512 384 256.000000200 256.000000200 256.000000000 192.000000000
1370 PINHOLE 512 384 256.000000200 256.000000200 256.000000000 192.000000000
1371 PINHOLE 512 384 256.000000200 256.000000200 256.000000000 192.000000000
1372 PINHOLE 512 384 256.000000200 256.000000200 256.000000000 192.000000000
1373 PINHOLE 512 384 256.000000200 256.000000200 256.000000000 192.000000000
1374 PINHOLE 512 384 256.000000200 256.000000200 256.000000000 192.000000000
1375 PINHOLE 512 384 256.000000200 256.000000200 256.000000000 192.000000000
1376 PINHOLE 512 384 256.000000200 256.000000200 256.000000000 192.000000000
1377 PINHOLE 512 384 256.000000200 256.000000200 256.000000000 192.000000000
1378 PINHOLE 512 384 256.000000200 256.000000200 256.000000000 192.000000000
1379 PINHOLE 512 384 256.000000200 256.000000200 256.000000000 192.000000000
1380 PINHOLE 512 384 256.000000200 256.000000200 256.000000000 192.000000000
1381 PINHOLE 512 384 256.000000200 256.000000200 256.000000000 192.000000000
1382 PINHOLE 512 384 256.000000200 256.000000200 256.000000000 192.000000000
1383 PINHOLE 512 384 256.000000200 256.000000200 256.000000000 192.000000000
1384 PINHOLE 512 384 256.000000200 256.000000200 256.000000000 192.000000000
1385 PINHOLE 512 384 256.000000200 256.000000200 256.000000000 192.000000000
1386 PINHOLE 512 384 256.000000200 256.000000200 256.000000000 192.000000000
1387 PINHOLE 512 384 256.000000200 256.000000200 256.000000000 192.000000000
1388 PINHOLE 512 384 256.000000200 256.000000200 256.000000000 192.000000000
1389 PINHOLE 512 384 256.000000200 256.000000200 256.000000000 192.000000000
1390 PINHOLE 512 384 256.000000200 256.000000200 256.000000000 192.000000000
1391 PINHOLE 512 384 256.000000200 256.000000200 256.000000000 192.000000000
1392 PINHOLE 512 384 256.000000200 256.000000200 256.000000000 192.000000000
1393 PINHOLE 512 384 256.000000200 256.000000200 256.000000000 192.000000000
1394 PINHOLE 512 384 256.000000200 256.000000200 256.000000000 192.000000000
1395 PINHOLE 512 384 256.000000200 256.000000200 256.000000000 192.000000000
1396 PINHOLE 512 384 256.000000200 256.000000200 256.000000000 192.000000000
1397 PINHOLE 512 384 256.000000200 256.000000200 256.000000000 192.000000000
1398 PINHOLE 512 384 256.000000200 256.000000200 256.000000000 192.000000000
1399 PINHOLE 512 384 256.000000200 256.000000200 256.000000000 192.000000000
1400 PINHOLE 512 384 256.000000200 256.000000200 256.000000000 192.000000000
1401 PINHOLE 512 384 256.000000200 256.000000200 256.000000000 192.000000000
1402 PINHOLE 512 384 256.000000200 256.000000200 256.000000000 192.000000000
1403 PINHOLE 512 384 256.000000200 256.000000200 256.000000000 192.000000000
1404 PINHOLE 512 384 256.000000200 256.000000200 256.000000000 192.000000000
1405 PINHOLE 512 384 256.000000200 256.000000200 256.000000000 192.000000000
1406 PINHOLE 512 384 256.000000200 256.000000200 256.000000000 192.000000000
1407 PINHOLE 512 384 256.000000200 256.000000200 256.000000000 192.000000000
1408 PINHOLE 512 384 256.000000200 256.000000200 256.000000000 192.000000000
1409 PINHOLE 512 384 256.000000200 256.000000200 256.000000000 192.000000000
1410 PINHOLE 512 384 256.000000200 256.000000200 256.000000000 192.000000000
1411 PINHOLE 512 384 256.000000200 256.000000200 256.000000000 192.000000000
1412 PINHOLE 512 384 256.000000200 256.000000200 256.000000000 192.000000000
1413 PINHOLE 512 384 256.000000200 256.000000200 256.000000000 192.000000000
1414 PINHOLE 512 384 256.000000200 256.000000200 256.000000000 192.000000000
1415 PINHOLE 512 384 256.000000200 256.000000200 256.000000000 192.000000000
1416 PINHOLE 512 384 256.000000200 256.000000200 256.000000000 192.000000000
1417 PINHOLE 512 384 256.000000200 256.000000200 256.000000000 192.000000000
1418 PINHOLE 512 384 256.000000200 256.000000200 256.000000000 192.000000000
1419 PINHOLE 512 384 256.000000200 256.000000200 256.000000000 192.000000000
1420 PINHOLE 512 384 256.000000200 256.000000200 256.000000000 192.000000000
1421 PINHOLE 512 384 256.000000200 256.000000200 256.000000000 192.000000000
1422 PINHOLE 512 384 256.000000200 256.000000200 256.000000000 192.000000000
1423 PINHOLE 512 384 256.000000200 256.000000200 256.000000000 192.000000000
1424 PINHOLE 512 384 256.000000200 256.000000200 256.000000000 192.000000000
1425 PINHOLE 512 384 256.000000200 256.000000200 256.000000000 192.000000000
1426 PINHOLE 512 384 256.000000200 256.000000200 256.000000000 192.000000000
1427 PINHOLE 512 384 256.000000200 256.000000200 256.000000000 192.000000000
1428 PINHOLE 512 384 256.000000200 256.000000200 256.000000000 192.000000000
1429 PINHOLE 512 384 256.000000200 256.000000200 256.000000000 192.000000000
1430 PINHOLE 512 384 256.000000200 256.000000200 256.000000000 192.000000000
1431 PINHOLE 512 384 256.000000200 256.000000200 256.000000000 192.000000000
1432 PINHOLE 512 384 256.000000200 256.000000200 256.000000000 192.000000000
1433 PINHOLE 512 384 256.000000200 256.000000200 256.000000000 192.000000000
1434 PINHOLE 512 384 256.000000200 256.000000200 256.000000000 192.000000000
1435 PINHOLE 512 384 256.000000200 256.000000200 256.000000000 192.000000000
1436 PINHOLE 512 384 256.000000200 256.000000200 256.000000000 192.000000000
1437 PINHOLE 512 384 256.000000200 256.000000200 256.000000000 192.000000000
1438 PINHOLE 512 384 256.000000200 256.000000200 256.000000000 192.000000000
1439 PINHOLE 512 384 256.000000200 256.000000200 256.000000000 192.000000000
1440 PINHOLE 512 384 256.000000200 256.000000200 256.000000000 192.000000000
1441 PINHOLE 512 384 256.000000200 256.000000200 256.000000000 192.000000000
1442 PINHOLE 512 384 256.000000200 256.000000200 256.000000000 192.000000000
1443 PINHOLE 512 384 256.000000200 256.000000200 256.000000000 192.000000000
1444 PINHOLE 512 384 256.000000200 256.000000200 256.000000000 192.000000000
1445 PINHOLE 512 384 256.000000200 256.000000200 256.000000000 192.000000000
1446 PINHOLE 512 384 256.000000200 256.000000200 256.000000000 192.000000000
1447 PINHOLE 512 384 256.000000200 256.000000200 256.000000000 192.000000000
1448 PINHOLE 512 384 256.000000200 256.000000200 256.000000000 192.000000000
1449 PINHOLE 512 384 256.000000200 256.000000200 256.000000000 192.000000000
1450 PINHOLE 512 384 256.000000200 256.000000200 256.000000000 192.000000000
1451 PINHOLE 512 384 256.000000200 256.000000200 256.000000000 192.000000000
1452 PINHOLE 512 384 256.000000200 256.000000200 256.000000000 192.000000000
1453 PINHOLE 512 384 256.000000200 256.000000200 256.000000000 192.000000000
1454 PINHOLE 512 384 256.000000200 256.000000200 256.000000000 192.000000000
1455 PINHOLE 512 384 256.000000200 256.000000200 256.000000000 192.000000000
1456 PINHOLE 512 384 256.000000200 256.000000200 256.000000000 192.000000000
1457 PINHOLE 512 384 256.000000200 256.000000200 256.000000000 192.000000000
1458 PINHOLE 512 384 256.000000200 256.000000200 256.000000000 192.000000000
1459 PINHOLE 512 384 256.000000200 256.000000200 256.000000000 192.000000000
1460 PINHOLE 512 384 256.000000200 256.000000200 256.000000000 192.000000000
1461 PINHOLE 512 384 256.000000200 256.000000200 256.000000000 192.000000000
1462 PINHOLE 512 384 256.000000200 256.000000200 256.000000000 192.000000000
1463 PINHOLE 512 384 256.000000200 256.000000200 256.000000000 192.000000000
1464 PINHOLE 512 384 256.000000200 256.000000200 256.000000000 192.000000000
1465 PINHOLE 512 384 256.000000200 256.000000200 256.000000000 192.000000000
1466 PINHOLE 512 384 256.000000200 256.000000200 256.000000000 192.000000000
1467 PINHOLE 512 384 256.000000200 256.000000200 256.000000000 192.000000000
1468 PINHOLE 512 384 256.000000200 256.000000200 256.000000000 192.000000000
1469 PINHOLE 512 384 256.000000200 256.000000200 256.000000000 192.000000000
1470 PINHOLE 512 384 256.000000200 256.000000200 256.000000000 192.000000000
1471 PINHOLE 512 384 256.000000200 256.000000200 256.000000000 192.000000000
1472 PINHOLE 512 384 256.000000200 256.000000200 256.000000000 192.000000000
1473 PINHOLE 512 384 256.000000200 256.000000200 256.000000000 192.000000000
1474 PINHOLE 512 384 256.000000200 256.000000200 256.000000000 192.000000000
1475 PINHOLE 512 384 256.000000200 256.000000200 256.000000000 192.000000000
1476 PINHOLE 512 384 256.000000200 256.000000200 256.000000000 192.000000000
1477 PINHOLE 512 384 256.000000200 256.000000200 256.000000000 192.000000000
1478 PINHOLE 512 384 256.000000200 256.000000200 256.000000000 192.000000000
1479 PINHOLE 512 384 256.000000200 256.000000200 256.000000000 192.000000000
1480 PINHOLE 512 384 256.000000200 256.000000200 256.000000000 192.000000000
1481 PINHOLE 512 384 256.000000200 256.000000200 256.000000000 192.000000000
1482 PINHOLE 512 384 256.000000200 256.000000200 256.000000000 192.000000000
1483 PINHOLE 512 384 256.000000200 256.000000200 256.000000000 192.000000000
1484 PINHOLE 512 384 256.000000200 256.000000200 256.000000000 192.000000000
1485 PINHOLE 512 384 256.000000200 256.000000200 256.000000000 192.000000000
1486 PINHOLE 512 384 256.000000200 256.000000200 256.000000000 192.000000000
1487 PINHOLE 512 384 256.000000200 256.000000200 256.000000000 192.000000000
1488 PINHOLE 512 384 256.000000200 256.000000200 256.000000000 192.000000000
1489 PINHOLE 512 384 256.000000200 256.000000200 256.000000000 192.000000000
1490 PINHOLE 512 384 256.000000200 256.000000200 256.000000000 192.000000000
1491 PINHOLE 512 384 256.000000200 256.000000200 256.000000000 192.000000000
1492 PINHOLE 512 384 256.000000200 256.000000200 256.000000000 192.000000000
1493 PINHOLE 512 384 256.000000200 256.000000200 256.000000000 192.000000000
1494 PINHOLE 512 384 256.000000200 256.000000200 256.000000000 192.000000000
1495 PINHOLE 512 384 256.000000200 256.000000200 256.000000000 192.000000000
1496 PINHOLE 512 384 256.000000200 256.000000200 256.000000000 192.000000000
1497 PINHOLE 512 384 256.000000200 256.000000200 256.000000000 192.000000000
1498 PINHOLE 512 384 256.000000200 256.000000200 256.000000000 192.000000000
1499 PINHOLE 512 384 256.000000200 256.000000200 256.000000000 192.000000000
1500 PINHOLE 512 384 256.000000200 256.000000200 256.000000000 192.000000000
1501 PINHOLE 512 384 256.000000200 256.000000200 256.000000000 192.000000000
1502 PINHOLE 512 384 256.000000200 256.000000200 256.000000000 192.000000000
1503 PINHOLE 512 384 256.000000200 256.000000200 256.000000000 192.000000000
1504 PINHOLE 512 384 256.000000200 256.000000200 256.000000000 192.000000000
1505 PINHOLE 512 384 256.000000200 256.000000200 256.000000000 192.000000000
1506 PINHOLE 512 384 256.000000200 256.000000200 256.000000000 192.000000000
1507 PINHOLE 512 384 256.000000200 256.000000200 256.000000000 192.000000000
1508 PINHOLE 512 384 256.000000200 256.000000200 256.000000000 192.000000000
1509 PINHOLE 512 384 256.000000200 256.000000200 256.000000000 192.000000000
1510 PINHOLE 512 384 256.000000200 256.000000200 256.000000000 192.000000000
1511 PINHOLE 512 384 256.000000200 256.000000200 256.000000000 192.000000000
1512 PINHOLE 512 384 256.000000200 256.000000200 256.000000000 192.000000000
1513 PINHOLE 512 384 256.000000200 256.000000200 256.000000000 192.000000000
1514 PINHOLE 512 384 256.000000200 256.000000200 256.000000000 192.000000000
1515 PINHOLE 512 384 256.000000200 256.000000200 256.000000000 192.000000000
1516 PINHOLE 512 384 256.000000200 256.000000200 256.000000000 192.000000000
1517 PINHOLE 512 384 256.000000200 256.000000200 256.000000000 192.000000000
1518 PINHOLE 512 384 256.000000200 256.000000200 256.000000000 192.000000000
1519 PINHOLE 512 384 256.000000200 256.000000200 256.000000000 192.000000000
1520 PINHOLE 512 384 256.000000200 256.000000200 256.000000000 192.000000000
1521 PINHOLE 512 384 256.000000200 256.000000200 256.000000000 192.000000000
1522 PINHOLE 512 384 256.000000200 256.000000200 256.000000000 192.000000000
1523 PINHOLE 512 384 256.000000200 256.000000200 256.000000000 192.000000000
1524 PINHOLE 512 384 256.000000200 256.000000200 256.000000000 192.000000000
1525 PINHOLE 512 384 256.000000200 256.000000200 256.000000000 192.000000000
1526 PINHOLE 512 384 256.000000200 256.000000200 256.000000000 192.000000000
1527 PINHOLE 512 384 256.000000200 256.000000200 256.000000000 192.000000000
1528 PINHOLE 512 384 256.000000200 256.000000200 256.000000000 192.000000000
1529 PINHOLE 512 384 256.000000200 256.000000200 256.000000000 192.000000000
1530 PINHOLE 512 384 256.000000200 256.000000200 256.000000000 192.000000000
1531 PINHOLE 512 384 256.000000200 256.000000200 256.000000000 192.000000000
1532 PINHOLE 512 384 256.000000200 256.000000200 256.000000000 192.000000000
1533 PINHOLE 512 384 256.000000200 256.000000200 256.000000000 192.000000000
1534 PINHOLE 512 384 256.000000200 256.000000200 256.000000000 192.000000000
1535 PINHOLE 512 384 256.000000200 256.000000200 256.000000000 192.000000000
1536 PINHOLE 512 384 256.000000200 256.000000200 256.000000000 192.000000000
1537 PINHOLE 512 384 256.000000200 256.000000200 256.000000000 192.000000000
1538 PINHOLE 512 384 256.000000200 256.000000200 256.000000000 192.000000000
1539 PINHOLE 512 384 256.000000200 256.000000200 256.000000000 192.000000000
1540 PINHOLE 512 384 256.000000200 256.000000200 256.000000000 192.000000000
1541 PINHOLE 512 384 256.000000200 256.000000200 256.000000000 192.000000000
1542 PINHOLE 512 384 256.000000200 256.000000200 256.000000000 192.000000000
1543 PINHOLE 512 384 256.000000200 256.000000200 256.000000000 192.000000000
1544 PINHOLE 512 384 256.000000200 256.000000200 256.000000000 192.000000000
1545 PINHOLE 512 384 256.000000200 256.000000200 256.000000000 192.000000000
1546 PINHOLE 512 384 256.000000200 256.000000200 256.000000000 192.000000000
1547 PINHOLE 512 384 256.000000200 256.000000200 256.000000000 192.000000000
1548 PINHOLE 512 384 256.000000200 256.000000200 256.000000000 192.000000000
1549 PINHOLE 512 384 256.000000200 256.000000200 256.000000000 192.000000000
1550 PINHOLE 512 384 256.000000200 256.000000200 256.000000000 192.000000000
1551 PINHOLE 512 384 256.000000200 256.000000200 256.000000000 192.000000000
1552 PINHOLE 512 384 256.000000200 256.000000200 256.000000000 192.000000000
1553 PINHOLE 512 384 256.000000200 256.000000200 256.000000000 192.000000000
1554 PINHOLE 512 384 256.000000200 256.000000200 256.000000000 192.000000000
1555 PINHOLE 512 384 256.000000200 256.000000200 256.000000000 192.000000000
1556 PINHOLE 512 384 256.000000200 256.000000200 256.000000000 192.000000000
1557 PINHOLE 512 384 256.000000200 256.000000200 256.000000000 192.000000000
1558 PINHOLE 512 384 256.000000200 256.000000200 256.000000000 192.000000000
1559 PINHOLE 512 384 256.000000200 256.000000200 256.000000000 192.000000000
1560 PINHOLE 512 384 256.000000200 256.000000200 256.000000000 192.000000000
1561 PINHOLE 512 384 256.000000200 256.000000200 256.000000000 192.000000000
1562 PINHOLE 512 384 256.000000200 256.000000200 256.000000000 192.000000000
1563 PINHOLE 512 384 256.000000200 256.000000200 256.000000000 192.000000000
1564 PINHOLE 512 384 256.000000200 256.000000200 256.000000000 192.000000000
1565 PINHOLE 512 384 256.000000200 256.000000200 256.000000000 192.000000000
1566 PINHOLE 512 384 256.000000200 256.000000200 256.000000000 192.000000000
1567 PINHOLE 512 384 256.000000200 256.000000200 256.000000000 192.000000000
1568 PINHOLE 512 384 256.000000200 256.000000200 256.000000000 192.000000000
1569 PINHOLE 512 384 256.000000200 256.000000200 256.000000000 192.000000000
1570 PINHOLE 512 384 256.000000200 256.000000200 256.000000000 192.000000000
1571 PINHOLE 512 384 256.000000200 256.000000200 256.000000000 192.000000000
1572 PINHOLE 512 384 256.000000200 256.000000200 256.000000000 192.000000000
1573 PINHOLE 512 384 256.000000200 256.000000200 256.000000000 192.000000000
1574 PINHOLE 512 384 256.000000200 256.000000200 256.000000000 192.000000000
1575 PINHOLE 512 384 256.000000200 256.000000200 256.000000000 192.000000000
1576 PINHOLE 512 384 256.000000200 256.000000200 256.000000000 192.000000000
1577 PINHOLE 512 384 256.000000200 256.000000200 256.000000000 192.000000000
1578 PINHOLE 512 384 256.000000200 256.000000200 256.000000000 192.000000000
1579 PINHOLE 512 384 256.000000200 256.000000200 256.000000000 192.000000000
1580 PINHOLE 512 384 256.000000200 256.000000200 256.000000000 192.000000000
1581 PINHOLE 512 384 256.000000200 256.000000200 256.000000000 192.000000000
1582 PINHOLE 512 384 256.000000200 256.000000200 256.000000000 192.000000000
1583 PINHOLE 512 384 256.000000200 256.000000200 256.000000000 192.000000000
1584 PINHOLE 512 384 256.000000200 256.000000200 256.000000000 192.000000000
1585 PINHOLE 512 384 256.000000200 256.000000200 256.000000000 192.000000000
1586 PINHOLE 512 384 256.000000200 256.000000200 256.000000000 192.000000000
1587 PINHOLE 512 384 256.000000200 256.000000200 256.000000000 192.000000000
1588 PINHOLE 512 384 256.000000200 256.000000200 256.000000000 192.000000000
1589 PINHOLE 512 384 256.000000200 256.000000200 256.000000000 192.000000000
1590 PINHOLE 512 384 256.000000200 256.000000200 256.000000000 192.000000000
1591 PINHOLE 512 384 256.000000200 256.000000200 256.000000000 192.000000000
1592 PINHOLE 512 384 256.000000200 256.000000200 256.000000000 192.000000000
1593 PINHOLE 512 384 256.000000200 256.000000200 256.000000000 192.000000000
1594 PINHOLE 512 384 256.000000200 256.000000200 256.000000000 192.000000000
1595 PINHOLE 512 384 256.000000200 256.000000200 256.000000000 192.000000000
1596 PINHOLE 512 384 256.000000200 256.000000200 256.000000000 192.000000000
1597 PINHOLE 512 384 256.000000200 256.000000200 256.000000000 192.000000000
1598 PINHOLE 512 384 256.000000200 256.000000200 256.000000000 192.000000000
1599 PINHOLE 512 384 256.000000200 256.000000200 256.000000000 192.000000000
1600 PINHOLE 512 384 256.000000200 256.000000200 256.000000000 192.000000000
1601 PINHOLE 512 384 256.000000200 256.000000200 256.000000000 192.000000000
1602 PINHOLE 512 384 256.000000200 256.000000200 256.000000000 192.000000000
1603 PINHOLE 512 384 256.000000200 256.000000200 256.000000000 192.000000000
1604 PINHOLE 512 384 256.000000200 256.000000200 256.000000000 192.000000000
1605 PINHOLE 512 384 256.000000200 256.000000200 256.000000000 192.000000000
1606 PINHOLE 512 384 256.000000200 256.000000200 256.000000000 192.000000000
1607 PINHOLE 512 384 256.000000200 256.000000200 256.000000000 192.000000000
1608 PINHOLE 512 384 256.000000200 256.000000200 256.000000000 192.000000000
1609 PINHOLE 512 384 256.000000200 256.000000200 256.000000000 192.000000000
1610 PINHOLE 512 384 256.000000200 256.000000200 256.000000000 192.000000000
1611 PINHOLE 512 384 256.000000200 256.000000200 256.000000000 192.000000000
1612 PINHOLE 512 384 256.000000200 256.000000200 256.000000000 192.000000000
1613 PINHOLE 512 384 256.000000200 256.000000200 256.000000000 192.000000000
1614 PINHOLE 512 384 256.000000200 256.000000200 256.000000000 192.000000000
1615 PINHOLE 512 384 256.000000200 256.000000200 256.000000000 192.000000000
1616 PINHOLE 512 384 256.000000200 256.000000200 256.000000000 192.000000000
1617 PINHOLE 512 384 256.000000200 256.000000200 256.000000000 192.000000000
1618 PINHOLE 512 384 256.000000200 256.000000200 256.000000000 192.000000000
1619 PINHOLE 512 384 256.000000200 256.000000200 256.000000000 192.000000000
1620 PINHOLE 512 384 256.000000200 256.000000200 256.000000000 192.000000000
1621 PINHOLE 512 384 256.000000200 256.000000200 256.000000000 192.000000000
1622 PINHOLE 512 384 256.000000200 256.000000200 256.000000000 192.000000000
1623 PINHOLE 512 384 256.000000200 256.000000200 256.000000000 192.000000000
1624 PINHOLE 512 384 256.000000200 256.000000200 256.000000000 192.000000000
1625 PINHOLE 512 384 256.000000200 256.000000200 256.000000000 192.000000000
1626 PINHOLE 512 384 256.000000200 256.000000200 256.000000000 192.000000000
1627 PINHOLE 512 384 256.000000200 256.000000200 256.000000000 192.000000000
1628 PINHOLE 512 384 256.000000200 256.000000200 256.000000000 192.000000000
1629 PINHOLE 512 384 256.000000200 256.000000200 256.000000000 192.000000000
1630 PINHOLE 512 384 256.000000200 256.000000200 256.000000000 192.000000000
1631 PINHOLE 512 384 256.000000200 256.000000200 256.000000000 192.000000000
1632 PINHOLE 512 384 256.000000200 256.000000200 256.000000000 192.000000000
1633 PINHOLE 512 384 256.000000200 256.000000200 256.000000000 192.000000000
1634 PINHOLE 512 384 256.000000200 256.000000200 256.000000000 192.000000000
1635 PINHOLE 512 384 256.000000200 256.000000200 256.000000000 192.000000000
1636 PINHOLE 512 384 256.000000200 256.000000200 256.000000000 192.000000000
1637 PINHOLE 512 384 256.000000200 256.000000200 256.000000000 192.000000000
1638 PINHOLE 512 384 256.000000200 256.000000200 256.000000000 192.000000000
1639 PINHOLE 512 384 256.000000200 256.000000200 256.000000000 192.000000000
1640 PINHOLE 512 384 256.000000200 256.000000200 256.000000000 192.000000000
1641 PINHOLE 512 384 256.000000200 256.000000200 256.000000000 192.000000000
1642 PINHOLE 512 384 256.000000200 256.000000200 256.000000000 192.000000000
1643 PINHOLE 512 384 256.000000200 256.000000200 256.000000000 192.000000000
1644 PINHOLE 512 384 256.000000200 256.000000200 256.000000000 192.000000000
1645 PINHOLE 512 384 256.000000200 256.000000200 256.000000000 192.000000000
1646 PINHOLE 512 384 256.000000200 256.000000200 256.000000000 192.000000000
1647 PINHOLE 512 384 256.000000200 256.000000200 256.000000000 192.000000000
1648 PINHOLE 512 384 256.000000200 256.000000200 256.000000000 192.000000000
1649 PINHOLE 512 384 256.000000200 256.000000200 256.000000000 192.000000000
1650 PINHOLE 512 384 256.000000200 256.000000200 256.000000000 192.000000000
1651 PINHOLE 512 384 256.000000200 256.000000200 256.000000000 192.000000000
1652 PINHOLE 512 384 256.000000200 256.000000200 256.000000000 192.000000000
1653 PINHOLE 512 384 256.000000200 256.000000200 256.000000000 192.000000000
1654 PINHOLE 512 384 256.000000200 256.000000200 256.000000000 192.000000000
1655 PINHOLE 512 384 256.000000200 256.000000200 256.000000000 192.000000000
1656 PINHOLE 512 384 256.000000200 256.000000200 256.000000000 192.000000000
1657 PINHOLE 512 384 256.000000200 256.000000200 256.000000000 192.000000000
1658 PINHOLE 512 384 256.000000200 256.000000200 256.000000000 192.000000000
1659 PINHOLE 512 384 256.000000200 256.000000200 256.000000000 192.000000000
1660 PINHOLE 512 384 256.000000200 256.000000200 256.000000000 192.000000000
1661 PINHOLE 512 384 256.000000200 256.000000200 256.000000000 192.000000000
1662 PINHOLE 512 384 256.000000200 256.000000200 256.000000000 192.000000000
1663 PINHOLE 512 384 256.000000200 256.000000200 256.000000000 192.000000000
1664 PINHOLE 512 384 256.000000200 256.000000200 256.000000000 192.000000000
1665 PINHOLE 512 384 256.000000200 256.000000200 256.000000000 192.000000000
1666 PINHOLE 512 384 256.000000200 256.000000200 256.000000000 192.000000000
1667 PINHOLE 512 384 256.000000200 256.000000200 256.000000000 192.000000000
1668 PINHOLE 512 384 256.000000200 256.000000200 256.000000000 192.000000000
1669 PINHOLE 512 384 256.000000200 256.000000200 256.000000000 192.000000000
1670 PINHOLE 512 384 256.000000200 256.000000200 256.000000000 192.000000000
1671 PINHOLE 512 384 256.000000200 256.000000200 256.000000000 192.000000000
1672 PINHOLE 512 384 256.000000200 256.000000200 256.000000000 192.000000000
1673 PINHOLE 512 384 256.000000200 256.000000200 256.000000000 192.000000000
1674 PINHOLE 512 384 256.000000200 256.000000200 256.000000000 192.000000000
1675 PINHOLE 512 384 256.000000200 256.000000200 256.000000000 192.000000000
1676 PINHOLE 512 384 256.000000200 256.000000200 256.000000000 192.000000000
1677 PINHOLE 512 384 256.000000200 256.000000200 256.000000000 192.000000000
1678 PINHOLE 512 384 256.000000200 256.000000200 256.000000000 192.000000000
1679 PINHOLE 512 384 256.000000200 256.000000200 256.000000000 192.000000000
1680 PINHOLE 512 384 256.000000200 256.000000200 256.000000000 192.000000000
1681 PINHOLE 512 384 256.000000200 256.000000200 256.000000000 192.000000000
1682 PINHOLE 512 384 256.000000200 256.000000200 256.000000000 192.000000000
1683 PINHOLE 512 384 256.000000200 256.000000200 256.000000000 192.000000000
1684 PINHOLE 512 384 256.000000200 256.000000200 256.000000000 192.000000000
1685 PINHOLE 512 384 256.000000200 256.000000200 256.000000000 192.000000000
1686 PINHOLE 512 384 256.000000200 256.000000200 256.000000000 192.000000000
1687 PINHOLE 512 384 256.000000200 256.000000200 256.000000000 192.000000000
1688 PINHOLE 512 384 256.000000200 256.000000200 256.000000000 192.000000000
1689 PINHOLE 512 384 256.000000200 256.000000200 256.000000000 192.000000000
1690 PINHOLE 512 384 256.000000200 256.000000200 256.000000000 192.000000000
1691 PINHOLE 512 384 256.000000200 256.000000200 256.000000000 192.000000000
1692 PINHOLE 512 384 256.000000200 256.000000200 256.000000000 192.000000000
1693 PINHOLE 512 384 256.000000200 256.000000200 256.000000000 192.000000000
1694 PINHOLE 512 384 256.000000200 256.000000200 256.000000000 192.000000000
1695 PINHOLE 512 384 256.000000200 256.000000200 256.000000000 192.000000000
1696 PINHOLE 512 384 256.000000200 256.000000200 256.000000000 192.000000000
1697 PINHOLE 512 384 256.000000200 256.000000200 256.000000000 192.000000000
1698 PINHOLE 512 384 256.000000200 256.000000200 256.000000000 192.000000000
1699 PINHOLE 512 384 256.000000200 256.000000200 256.000000000 192.000000000
1700 PINHOLE 512 384 256.000000200 256.000000200 256.000000000 192.000000000
1701 PINHOLE 512 384 256.000000200 256.000000200 256.000000000 192.000000000
1702 PINHOLE 512 384 256.000000200 256.000000200 256.000000000 192.000000000
1703 PINHOLE 512 384 256.000000200 256.000000200 256.000000000 192.000000000
1704 PINHOLE 512 384 256.000000200 256.000000200 256.000000000 192.000000000
1705 PINHOLE 512 384 256.000000200 256.000000200 256.000000000 192.000000000
1706 PINHOLE 512 384 256.000000200 256.000000200 256.000000000 192.000000000
1707 PINHOLE 512 384 256.000000200 256.000000200 256.000000000 192.000000000
1708 PINHOLE 512 384 256.000000200 256.000000200 256.000000000 192.000000000
1709 PINHOLE 512 384 256.000000200 256.000000200 256.000000000 192.000000000
1710 PINHOLE 512 384 256.000000200 256.000000200 256.000000000 192.000000000
1711 PINHOLE 512 384 256.000000200 256.000000200 256.000000000 192.000000000
1712 PINHOLE 512 384 256.000000200 256.000000200 256.000000000 192.000000000
1713 PINHOLE 512 384 256.000000200 256.000000200 256.000000000 192.000000000
1714 PINHOLE 512 384 256.000000200 256.000000200 256.000000000 192.000000000
1715 PINHOLE 512 384 256.000000200 256.000000200 256.000000000 192.000000000
1716 PINHOLE 512 384 256.000000200 256.000000200 256.000000000 192.000000000
1717 PINHOLE 512 384 256.000000200 256.000000200 256.000000000 192.000000000
1718 PINHOLE 512 384 256.000000200 256.000000200 256.000000000 192.000000000
1719 PINHOLE 512 384 256.000000200 256.000000200 256.000000000 192.000000000
1720 PINHOLE 512 384 256.000000200 256.000000200 256.000000000 192.000000000
1721 PINHOLE 512 384 256.000000200 256.000000200 256.000000000 192.000000000
1722 PINHOLE 512 384 256.000000200 256.000000200 256.000000000 192.000000000
1723 PINHOLE 512 384 256.000000200 256.000000200 256.000000000 192.000000000
1724 PINHOLE 512 384 256.000000200 256.000000200 256.000000000 192.000000000
1725 PINHOLE 512 384 256.000000200 256.000000200 256.000000000 192.000000000
1726 PINHOLE 512 384 256.000000200 256.000000200 256.000000000 192.000000000
1727 PINHOLE 512 384 256.000000200 256.000000200 256.000000000 192.000000000
1728 PINHOLE 512 384 256.000000200 256.000000200 256.000000000 192.000000000
1729 PINHOLE 512 384 256.000000200 256.000000200 256.000000000 192.000000000
1730 PINHOLE 512 384 256.000000200 256.000000200 256.000000000 192.000000000
1731 PINHOLE 512 384 256.000000200 256.000000200 256.000000000 192.000000000
